153
2305
294913
131265
655617
7
263
1031
262151
524323
524419
1027
36867
8203
262163
262275
263171
524307
16777219
262147
27
16777235
540675
23
4115
131091
2067
8275
393235
786451
17039379
147587
283
262419
1310979
523
1049099
2075
133139
264211
526355
4212739
20611
532499
16411
18691
20483
24579
147467
147475
155651
671747
1589251
2113555
135171
16908291
135427
139523
393475
786691
1056771
1056787
1179651
1187843
1310739
1835011
34603011
17043459
17039363
262405
131077
131333
262149
133
16793605
16777245
8213
131095
393237
524309
131205
157
131221
262293
16777365
16517
262413
16777485
262421
8517
8453
1045
132117
266261
4357
8221
270357
17413
18453
18445
24597
155653
133125
131101
131341
409605
16910341
786437
524317
532741
548869
671749
1835013
1572885
17041413
89
557065
786441
4202505
4456457
17039369
540683
262153
8388617
25
131097
8457
16649
2073
131081
4121
557081
8329
16525
1048857
278793
786697
2315
12297
12313
12553
528649
8392969
8396825
16395
24585
573449
147481
155657
4218889
33570841
4325385
655385
164105
1314825
1049865
1574921
1056781
1835017
6291481
2883593
17301513
17563657
33554457
33816601
277
262169
131153
262481
286737
131345
409617
393489
3149841
2089
8229
131105
393249
131121
8388897
16779297
24865
131377
33554721
2593
34849
4212769
20513
540705
147505
1067041
655409
655649
409633
802849
8513
264257
4161
4417
16781377
32849
393281
294977
786497
524369
17301569
2097233
33554513
262211
8273
532561
393297
65
337
131393
147521
16908353
262337
329
2369
2385
278849
266561
786753
524609
2129
526417
16779345
18497
4212801
1312833
266305
16465
16449
24657
286785
16801857
16457
139585
409665
1183809
1048665
1310801
17825873
1056833
1310913
1573185
32913
532625
449
8585
8641
532865
18569
18577
1050753
1179777
262409
281
131353
262425
16908561
262465
524737
2329
5377
4377
135441
8465
18689
401665
655745
917761
264465
524677
1835265
2228497
8651025
16777601
16777489
16793985
16793857
33556753
262929
2097921
1049153
1081857
4203009
132097
263185
3089
9233
9537
525569
263169
132113
17665
17921
16794625
263193
34817
3077
2049
22529
10249
10257
10305
272385
534529
296961
137217
16910337
526337
526353
17041409
264195
1054723
2069
264213
2317
280581
133145
18441
3093
6161
264241
526385
34961
657425
4458513
16779281
264225
2113
2377
10561
149569
280641
1054785
264449
2307
3333
10513
264481
3345
268545
280833
788737
2099473
16779521
11521
281601
16780297
16780289
10241
16779265
2065
133137
10497
542721
4212737
16795649
1312769
6273
268289
6289
268305
1054729
280585
18457
280593
542753
18561
26881
26641
26689
18465
280577
1067017
4212753
34945
657409
542849
804865
1050625
1316865
17831937
1181713
1182721
2230273
20973569
266369
12545
135425
151553
266241
528401
1576961
33558545
12291
135187
528643
6163
282627
16912387
135185
12305
274449
536593
266497
4373
20745
266505
266513
20801
12561
28929
274689
397569
17305857
12289
28673
282625
12549
283649
22545
28737
151569
675841
1200129
2117649
4739073
36889
38929
16816129
1087489
659713
1053701
1314833
17045505
8193
532481
24709
10261
24581
8461
139281
532497
270401
10321
139345
16916545
794689
272641
24833
270609
140305
271489
11281
1319937
270337
8396817
16801793
1058817
1060865
1318913
286721
24601
16805889
270353
663553
794625
532505
794641
794881
663569
17571841
1187841
2107649
671745
32789
33033
688129
16809993
17072129
33809
426001
688145
16941073
163905
33161
295297
41217
41281
51457
299265
40977
49177
311305
313345
49153
704513
36865
16809985
34833
16812033
180225
819201
1081601
17858561
188417
294929
295169
311297
17336321
1114129
1376257
131075
394241
393217
131203
393219
147459
131461
1441797
131099
147465
131337
131089
393233
131093
16908337
131349
163857
655377
917521
133185
139329
133441
133201
155713
671809
1179729
1441857
655489
393473
133393
132353
395521
672001
393601
132121
395281
135193
659473
137473
401409
1712129
147585
147721
425985
172049
131201
16908289
4341761
33701889
393241
17170449
417793
655621
17434625
17694721
1179793
1445889
2228241
2506753
17172481
286725
802821
1310725
262297
270481
262289
786577
17563905
394257
4457489
279809
279553
303121
295173
295185
442369
262401
17039361
262161
786449
33816593
802817
1843201
1441793
21233665
4460801
25690113
526593
788481
536577
790529
806913
541713
803841
17321985
548881
17326081
17350657
688385
557057
655361
786433
524549
1835009
1572997
1048585
9437193
1065225
1573129
1056849
1573057
1179713
1050885
1067265
1329153
1054977
1318929
18358273
1179665
1181697
1179649
1179921
1441809
1179909
1442049
1183745
1851393
9445633
2099457
2099217
2629633
2883585
2361361
2367505
2490385
2752529
2359361
2105601
2105617
2121985
2359569
2375937
35651857
2113801
6569985
52428817
4718849
4195345
4325393
4325633
4333569
4456577
4734977
6291473
4458505
4196369
4734993
5244961
4202817
4203777
21106689
4202521
4333585
4211729
4474881
4342785
8652817
8390913
8390929
8653057
8397121
8409345
8413441
8913169
8390681
8400897
8400913
8405257
8413201
8675329
17039489
16777217
16812049
16908369
17047809
33824769
33554713
33571081
33562897
33581057
33571077
33572881
33841153
34095121
34095233
34604289
34734097
34742273
51511297
50331713
50335761
50597889
294915
16387
1050627
1310723
16391
16777223
135
262279
263175
16778247
8215
24583
4107
16777227
91
16779275
262179
16777251
786467
2131
16777283
262339
339
17039427
1048643
786563
1310851
1572995
263427
2323
264451
262403
524675
33554691
33554707
8707
131587
131843
1311235
1051
9235
132115
263187
132099
264203
265219
16780291
18435
16779267
268291
16783363
26627
542723
526595
1058819
1312771
1574915
266243
4355
4099
16781315
9219
10243
270343
8331
270347
16785419
8219
270355
270403
8451
25091
271363
16786435
270339
794627
1581059
17309699
34086915
16785411
286723
33571075
1081347
1343491
131079
393227
16908299
131363
393251
16908323
131155
131335
394243
16909315
397315
401411
16916483
425987
16908307
262171
278659
262407
262915
270595
278531
786435
802819
524423
524315
524435
525571
548867
524291
1572867
17301507
1310731
1311747
1051651
1441795
2105603
4456459
20971531
4457475
4458499
4464643
4587523
21495811
16777243
16779283
17842179
17563651
33685507
33816579
33570819
2051
17039371
151
16778259
266259
16781331
24595
16785427
17301523
1572883
9437203
49170
32791
1046
263190
2074
262170
4194330
4378
16777242
150
282
262194
16777266
294930
393234
16908306
786450
524594
16498
524371
4178
524370
8530
16466
540754
1052754
1056850
338
16777554
270610
131347
1171
2195
2198
2066
2322
526610
18450
264210
16779282
26642
4212754
788498
2099218
4123
8392978
1052698
8342
270362
16785434
270354
532498
8978
8210
8466
16785426
548882
794642
17309714
557075
655378
393298
148498
394258
135186
397330
147474
655506
16910354
4456467
262162
786706
282642
802834
524314
526354
786578
524570
17301522
2105363
2228242
2244626
3145746
18874386
20971546
4718610
4194642
33556498
33816594
33556754
50331666
262531
899
8387
2097283
264338
540802
1056899
1835138
391
16779523
262402
262418
16777478
33046
262422
16778502
16777482
131354
262426
262410
24842
131338
2330
393490
16674
262434
16777506
298
262466
16777538
451
524738
16779586
278850
540994
24962
1065730
1306
132370
263442
1298
16778498
18690
16779522
264466
2386
265474
264450
4483
266499
20738
10499
8458
270602
139538
24898
270658
16785730
532738
271618
16786690
794882
20754
286978
549122
278802
540931
33050
49418
16810242
131462
147722
393482
393474
394498
133394
395522
409858
17170690
655746
33685778
33685762
263426
282882
524678
655634
17301778
803074
1589506
17563906
524562
786690
17301762
2097411
18874626
33816850
33571074
50331906
3079
2083
264259
264323
10247
10251
11267
657411
788483
526339
1050635
4204547
17041411
33556499
3091
34834
10266
534546
657426
17041426
39170
16783618
10506
10562
10498
11522
272642
16787714
297218
788738
34081026
2099474
280578
19462
280582
280642
19474
26634
8415234
18442
19458
22530
51202
149522
804866
4220930
4474882
20989954
1312770
1050650
1312778
17827850
1181714
1312786
1574930
17827858
1050658
1050890
1054738
1059842
1583106
1181698
1443842
1705986
1312898
16812050
279555
409603
17317891
17411
16793602
18434
278530
16406
16646
16534
279558
16410
278554
16474
16793674
16778
18458
16522
311314
409618
540946
1065010
16418
278562
24643
16793682
16793666
16722
18514
1065042
1327170
16531
278658
280834
25858
17434
17554
279570
279554
149507
280579
280586
280594
542738
8407298
281602
1329154
20498
20482
282626
20610
151554
24598
286730
24602
155666
286738
16801810
24642
286786
24850
287746
24594
16801794
1077250
1335298
33579011
33579026
16643
16793603
16793610
16793634
16794626
16797698
286722
147466
409602
278546
802818
17317890
33570834
50348034
16826370
148483
8536067
147482
409610
147522
147718
410626
413698
155650
933890
17448962
34226178
17055762
17056770
17055746
540806
540818
4734994
17318018
540690
1065154
1328130
1067026
1591298
1073162
1196042
1196098
1204226
1327122
18104322
1851394
1589250
2113802
4734979
4210714
4341778
4472850
4210962
4218898
4603906
8405018
8413202
8536082
8667154
8407043
25706498
16924675
16793626
16793618
17055778
17055810
16795651
16795650
33832962
131331
131207
132103
655367
393283
393347
131339
133379
139275
139283
140291
663555
917507
2228227
2228243
2228483
2244611
4327427
4333571
25296899
17170435
33685523
131098
393242
131090
401426
663570
4587538
17170450
131346
132358
131378
393538
132354
133378
397570
139586
140546
401666
16916738
917762
655618
147590
148486
147650
409666
149762
151570
155654
155658
148482
149506
17186818
671874
4349954
1180678
1179842
1441922
1188098
1704194
1180163
1196546
1183762
1187906
1712130
1442818
1966082
1703954
3538946
34603027
1048579
1048594
17825794
1310722
1048710
1065990
1311750
1049606
17825802
1048602
1310746
1048666
1310986
1327114
1048611
1048626
1048866
1064994
1310754
17825826
1327138
18350114
1056835
17825858
1050706
1312002
1575170
1835266
1311762
17827906
1313794
17828866
17827842
1069058
1314850
1085570
1347586
17862658
1318915
1056790
1056902
1073158
1056794
1056906
1318922
1581066
1056778
17833994
1318978
17834050
1057027
1057298
17834498
1074178
1319938
1318914
17833986
1843202
18358274
17833987
17858562
1441794
1441802
1179938
1441858
1180675
1180690
17958914
1449986
1196034
1474562
1245187
17956866
1441810
18087938
1310738
18088066
1311746
18088962
1835010
18612226
1572998
1589266
1835026
1589378
1572882
18350082
1572866
18352130
9457666
17956882
17834242
51380226
4202499
37748995
17039386
16778266
17040402
20973571
17172482
17039618
17563666
20971523
29
2055
8455
2071
16389
149
263173
16778245
16777229
262173
93
16777293
285
21
262165
262197
53
262181
131157
262229
16777301
540741
4210821
270597
139525
25093
1057285
1053
263189
16778261
264229
2341
8390917
265221
2053
264197
268293
16783365
34821
296965
2099221
25167877
12293
266245
6165
20501
266501
282629
37125
53253
299013
16814085
1314821
10245
24589
16785421
8341
139285
270405
8197
270341
16785413
794629
17309701
294917
8421381
32797
163861
294933
8421397
295045
33587461
34837
57349
311301
573445
164101
1083397
1605637
163845
655365
147463
393223
16908295
393229
16908301
655381
8519701
147525
394245
133141
395269
401413
16916485
149509
151557
425989
393221
16908293
917509
2228245
19005445
278533
17040389
786453
524421
17301509
1048589
1311749
1050637
1051653
1312773
1343493
1310741
2359301
2097181
2359317
2097429
2099461
3407877
4194333
4457477
8413189
33554453
286
1052692
28
131100
262172
262428
279
2324
264468
2070
18452
264212
16779284
22548
788500
270356
548884
794644
1581076
149524
294932
131348
393236
131156
139284
147476
409620
917524
17432596
262164
786708
786452
17303572
35651604
32901
1157
262285
181
165
524453
8581
262533
3205
264325
36997
266373
8325
8389
9349
532613
278661
32917
557189
131213
132229
135301
393349
655493
16908421
786565
2097285
2097301
2359429
4195461
4196485
4456581
16777349
17039493
524437
1172
412
32916
131220
524436
262324
1173
2197
34964
20628
266388
655508
262292
786580
18874516
4456596
20971668
16773
262534
389
388
1412
16772
262532
436
2452
17796
263556
2444
2436
4486
4500
20868
37252
8596
8644
9604
24964
270724
295300
132484
133508
135556
147844
164228
131460
655748
1180036
524676
786820
2097541
2097556
2359684
18874756
33554820
17540
16516
278660
16540
278724
18820
17556
16794756
18565
18564
53380
286852
16548
20612
24708
311428
147596
147604
278676
540805
540804
1589380
9453700
4211844
4472964
1310854
1049732
1048741
1048740
1310916
1085572
1314948
1057924
1181828
1187972
1179780
1310868
1573012
1835140
16779412
16781460
16785548
18694
284
131356
131397
16777540
2309
264452
135429
8392980
8580
532740
270612
336132
286980
33028
393476
393492
395524
131332
278788
17039620
786692
526597
524572
524564
655636
2359572
2621716
2097412
2097428
2099460
18874628
2181
2077
264205
264261
6405
133381
38917
10309
11269
272389
559109
657413
788485
1574917
4458501
526357
3092
34836
264244
526388
264276
3348
268308
559124
134164
2099220
4458516
3332
2332
2340
526628
6406
6420
10516
10564
11524
534788
35092
297220
559364
788740
19461
22533
19460
280588
18468
280644
19476
22534
55300
26644
27652
288772
51204
542724
313348
280596
542740
542852
804868
1067020
1198084
1329156
1591300
2115604
4220932
4474884
16795668
17057796
33572884
1312774
1051652
1050652
1312788
17827860
1087492
1058884
1059844
16812052
540677
16793613
18437
16795653
540693
540933
278534
16793606
16647
18454
540678
33570823
16644
16388
279556
16794628
278532
1327108
278541
16412
24604
147484
278556
8405020
24588
278564
16724
24644
1065044
16519
24724
16532
16580
278820
24900
280836
409860
803076
17436
279572
16794644
16795654
18460
18692
26884
280580
16795652
18500
26628
149508
33572869
20502
20742
20486
282630
16797702
151572
282644
544788
16797732
20740
8409348
20485
20500
20484
282628
16797700
53252
315396
577540
1331204
286740
8413204
16801812
286756
24645
24660
24837
24836
287748
16802820
24596
286724
548868
1335300
2121732
16404
16793620
311300
573444
802820
17317892
33570836
51205
16826373
49180
57364
180244
311316
49285
16826372
180229
17088516
1130756
147478
16924678
147469
409612
16924692
147780
147717
410628
16925700
413700
155908
155652
417796
1204228
16932868
442372
409604
278548
802836
17055764
278804
540700
802948
1065092
1064988
1065156
1597444
1097748
1359876
1196038
1196044
1196052
1458180
1720324
1589253
2113564
2121748
2244628
2375700
2637844
18890772
2121988
4212741
4218885
4210716
4341780
4473860
4505604
21118980
8405013
8407045
8667156
8405254
17842181
16793628
17874948
33570844
33579028
33832980
50348052
33571092
132101
655397
393285
135189
167941
397317
140293
16941061
4327429
4587525
17170437
33685525
50462725
393244
132116
133140
163860
139540
135188
397332
426004
688148
16941076
4325396
4587540
393477
393478
132356
135444
168196
397572
140548
401668
164116
426244
917764
148485
147716
148484
671780
409668
151558
155668
156676
933892
1228804
4341772
4343812
4349956
4603908
33701908
1180676
1179676
1441804
17956876
1181716
1441812
1703956
1703972
1183750
1216516
1188868
1196036
1179653
1441924
1966084
18219012
3276820
4849796
16908308
16916500
17465348
532500
17825798
1048598
1048606
1179670
1310742
1048838
1573126
1311748
17825804
1048597
1064996
1310756
1311012
1057092
1311108
1835268
1311764
1050756
1574932
9439252
1312772
17827844
1316868
1575172
1837060
18352132
1061124
17833996
1057044
1581316
17833988
1843204
1083412
1081612
1081349
17858564
1703941
1441798
1179668
1441828
1179924
1196292
1181956
1443844
17958916
1449988
17965060
1441796
17956868
1442052
20054020
1310740
18088068
1343492
18120708
1314820
1572996
1835028
18350100
1573140
1589252
18350084
1605636
3145748
34865172
4718724
16801797
17047557
16908310
17039365
16908316
25168132
16781333
16912389
17043461
17043476
16799748
16785668
17563652
17563668
17326084
33947653
264201
11
141
263181
137
16777225
2057
278537
262185
16777257
73
16777289
278601
262537
264329
17673
16779529
8473
532745
16908553
17039625
3097
264217
264457
16779273
788489
135177
266265
274441
299017
16814089
8201
16785417
270409
24841
271369
270361
794633
131113
131145
393289
393481
394249
16909321
395273
401417
917513
33685769
17039497
526345
524313
786457
526601
802825
540681
1576969
1048603
17825803
1310729
1581065
1441801
2105369
2621705
4194441
4194329
4456521
4457481
4464649
4980745
16777357
17309705
33685529
262219
526361
139289
16908313
524441
2097177
4456473
20971545
786458
1179674
1572890
61
4380
263196
16779292
262168
16777240
16779288
266264
270360
294936
131096
393240
786456
2097176
2359320
524345
131128
16440
262456
16504
262233
1052760
1310808
262424
16777528
8536
264472
9496
266520
786712
17301784
1048
263192
17432
16779289
2072
264216
264248
526392
280600
34968
788504
2099224
528664
20506
20760
28696
282648
544792
561176
1183768
16785433
8348
532504
12568
270616
794648
25182232
573464
557208
16908314
131416
397336
401432
16916504
409624
16941080
147480
16908312
655512
2490392
8650776
262552
524377
655384
8929304
1048604
2359321
2099480
2359576
2121752
2375704
2637848
4325401
12582937
4194328
8388888
25427992
139
263305
132488
18584
18568
280712
24968
541064
4472968
1573256
524557
16777500
524684
263436
16778508
540940
786700
1573132
17301772
16777480
280
262408
278792
786696
8472
262440
524744
524616
263433
1304
132376
263448
16778520
18696
2312
264456
16779528
20746
135448
16783624
299272
139529
139544
24904
270664
16785736
8460
271624
16786696
26888
286984
794888
16780
16664
280840
540937
16810248
311560
135433
131352
394504
395528
917768
17432840
262412
278796
17039752
263432
524568
17563912
540936
17301768
50856200
2105609
2359561
2097432
2228504
18874648
2359560
2375944
2638088
18874632
4202761
8913160
33562904
50331912
8968
271112
278539
16666
18443
540812
279564
278540
1327116
16793608
16472
16793672
278536
279576
802840
540824
278568
18505
24649
278616
16793688
16456
16728
16795720
20553
16793736
542984
16795912
803080
279048
18700
18456
16795672
18697
18712
280584
16795656
22537
149512
804872
20504
20748
24713
286729
24600
155672
286792
25608
16801800
155656
17063944
1597448
278538
279560
16794632
282632
16797704
409608
50348040
49176
180248
311320
16826392
147724
409864
147992
410632
16925704
413704
16928776
442376
409609
933896
17448968
278552
278680
278665
542729
540696
671768
17317896
1196041
1589258
1065160
1328136
1069065
1331208
1359880
1327128
1851400
2113560
2244632
2113816
4211721
4341769
4472840
20987912
4210712
4212760
4341784
4472872
4210968
4474888
20989960
4481032
20996104
4505608
21118984
4472856
4997128
8405016
8667160
8405272
16801816
33570840
33579032
33701912
33832984
132109
655401
133385
397321
140297
663561
163865
425993
16941065
2228249
4327433
4333577
4587529
17170441
132124
393304
394264
663576
917528
17170456
393496
655656
133384
16910600
140552
426248
688392
148492
147720
149768
672008
148504
149528
151576
16932872
147528
148488
180232
704520
1197064
4349960
4603912
1441864
1179912
1445896
1188872
1212440
1441816
18219016
26345480
16908297
16910344
1312777
1318921
1064970
1572877
1310748
17825932
1311756
17826828
1835020
17825800
1048600
1310744
1312792
1835032
1572888
1310760
1057096
1835272
1311753
1049624
1311768
1049609
1057800
1050889
1312776
17827848
1069066
1314826
1053705
17830920
17829896
1347592
17862664
1060873
1056796
1056908
1318936
1318984
17834056
1319944
1073160
17833992
1319048
1843208
1069320
1069064
1081368
1343512
1083416
17860616
17858568
1181705
1179672
17956936
1449992
1458184
17973256
1179657
1441800
17956872
1966088
1183752
34734344
1311752
18088968
1835016
18612232
1573004
3670040
9699352
4196361
4196377
4200457
4460553
20975625
4202569
4325417
5246985
4196376
4720664
4196632
4202776
16778264
17040408
16802824
16787480
17047576
33833096
264209
8217
16910353
401425
655505
524433
532753
2359313
26
524306
8211
17426
156
262484
88
131160
262232
2328
1572892
525072
17047568
131344
2105360
2228240
2367504
56
131120
786736
393296
786512
131152
266321
655440
8656
278808
524752
8528
25872
155920
264464
524820
17176
5145
9552
10265
272401
133144
10520
526356
526352
16779344
6416
2104
10544
534800
526608
14352
18512
16795728
26896
51216
313360
34832
272656
1050648
1574928
2107409
2107408
2230288
2361360
6417
4122
20562
4214802
8409106
1314834
4116
135184
12312
135248
16912400
1314832
266516
397584
790800
266257
528400
4198416
17043472
21264
28752
544784
2117648
823312
17338384
1054736
1183760
16781336
17043480
532501
143377
8216
139288
4202520
4218904
1056792
16789520
4464656
8397104
8469
16802320
4206608
24656
1057040
288784
159760
4481040
157712
17048592
1318928
663568
17440784
1187856
2122000
18898960
50343952
411664
286992
557077
294928
40976
295057
49304
180368
295188
49300
573456
25214992
33040
426256
1116177
1376272
1114392
1147152
655380
2490384
155728
409680
671824
1441936
132372
139600
401424
409616
147472
393232
1196112
1736720
3538960
2236432
2230544
394256
270352
17039377
262160
917520
835600
933904
557073
794640
526481
655504
524692
532624
802960
17303696
532752
1835280
4718608
17305617
1310928
1081369
1458192
1329168
2359376
2629648
2752528
19005456
2883600
2113680
2361616
2621712
2114576
4587536
4980752
4210832
4195352
8912917
8914961
8654865
8390676
8912913
8650772
8392720
9043984
8390960
8519952
8651024
8390928
8397072
8397136
9175312
8913168
8409104
8675344
8945681
8423440
8699920
8931344
9043985
9437208
9701392
9963536
9568274
17170448
16785744
17580048
16908560
33562896
16419
2099
131125
524341
16777269
293
309
524325
540709
786469
17301541
57
131129
262201
121
278569
8241
262177
16777249
16777313
8545
540769
263457
8497
270625
532769
393505
16908577
524705
1081
132145
263217
16778289
1329
132385
17041441
4153
266289
10273
16785445
270377
270385
8289
24673
270433
271393
16785441
24609
286753
1060897
196897
131365
16908325
393257
393265
133169
395297
397345
147489
917537
262437
786721
786465
526369
786481
17303585
17301537
4718625
1048801
1050665
1574945
1056801
1318945
1179689
1572913
1835041
3145777
2359329
2099249
2228273
2359345
2244641
3407905
4464673
20979745
8388665
8650801
16777273
16785457
33554489
33816625
262193
33554481
2101
262196
524468
524596
263220
313
8388664
262200
264240
16779312
270384
393264
262192
33554480
4272
8560
532784
2228
2360
2097
26672
788528
17303600
6193
266288
4404
4144
16781360
1183792
8244
270392
16785464
270640
271408
16785456
794672
278584
16432
16910384
135472
397360
401456
16916528
8536112
16908336
786480
17563696
524344
524600
671792
524337
1835056
4718641
1179697
1310776
1048632
2228272
4325424
16777272
33816624
50331696
147746
262452
1048996
8484
524581
376
278824
1311016
262448
8504
131376
393520
16908592
312
262432
524704
17301792
16777568
524768
278880
1336
263472
133409
2468
133424
264496
526640
2336
265504
2352
18720
264480
16779552
6432
268576
16783648
26912
280864
526752
1055008
10529
8485
8612
270632
139568
270624
271648
16785696
287008
147752
328096
1114416
131384
394528
135457
397600
139552
401696
16908576
917792
655776
262436
278944
17039776
263456
786720
17563936
524708
17303840
524592
2228528
2359600
8388920
8519984
8651056
8388912
8913184
50331936
2616
148008
264227
3109
2081
264289
2337
3121
265249
16780321
6177
268321
16783393
10289
11297
272417
296993
16910369
264353
788513
2099233
4204577
4458529
20973601
25167905
3124
3120
133168
526384
264304
6192
264368
1181744
4458544
8407088
17041456
3364
264484
39200
10592
534816
297248
395552
657696
788768
526624
280610
19492
280612
280624
280672
26720
18472
149536
313376
149537
149552
411680
16926752
280736
280608
542768
1198112
1591328
4220960
4474912
20989984
1312802
1050680
1312816
17827888
1050656
1050920
1051696
17828896
1054768
1087520
1058912
1059872
1181728
1312928
1574960
18352160
16779298
16787744
16812080
139297
280609
282657
16797729
18469
1327140
24752
16793712
16793696
16752
18544
278624
1065056
286880
803104
280616
16795696
18721
18724
18736
281632
16796704
16795680
282672
24617
286760
1073192
286768
24864
16803872
811040
16793640
802848
17317920
151585
16924705
409634
16924706
147508
147496
409640
409648
147568
147552
410656
16925728
151600
413728
671904
933920
17448992
1200160
33701921
33701936
278561
278576
1589281
1327144
1196080
1589296
1067056
1329184
1597472
1458208
1589408
2113585
4735136
8405048
8667184
8405296
16924720
16801840
132133
393313
135217
139301
140321
163889
426017
1441825
17170465
655408
655664
135224
139313
155696
393392
917552
131361
393506
393568
133408
655648
34210080
33685808
33685792
148516
409696
151584
155688
417824
679968
147504
155680
16924704
409760
4349984
4603936
21119008
1441888
1704224
1216544
1441952
1966112
1179683
18087970
1311780
17825832
1048696
17825896
1310752
17825824
1050721
17825888
1048944
1065312
1311072
1050736
17827936
1048688
1310816
1311520
1050657
1312800
17827872
1575072
1052728
1314864
1577008
1056809
1057064
1318952
17834024
1057120
1073248
1319008
1057060
1319200
1319968
17835040
17834016
18096160
1843232
1181729
1187873
1179685
1443872
1196064
1441824
17956896
1704096
34734128
51511328
1310768
1313056
1311776
18087968
1835040
18612256
34603064
34603056
34865200
34605344
51380256
17039412
16778296
17040432
17170472
17301552
67
262473
601
16969
113
262241
262225
16779585
270657
393537
279105
2241
8390721
2137
264273
264513
16779329
51265
1574977
2115649
4163
4179
20547
266307
4185
135249
16781393
4421
12609
4177
299073
1577025
16785481
8305
2105425
8769
271425
32857
163921
294993
311361
16810049
135233
131139
147523
131161
397377
655553
17039553
17072193
17039425
524485
655441
786513
786625
1048773
17825861
1310793
17825865
1048657
1049169
1314881
17829953
1581121
1343553
1310785
34603089
51380289
2099281
2637889
20971589
4457537
20972609
4489281
21233729
33556545
33685569
33554521
33685585
33816657
33579073
33570881
270417
1179730
17492
263252
263248
16778320
294992
262224
786768
264280
2128
2392
788560
6224
16781392
544848
270416
532560
8532
24912
41296
16785488
139344
794704
17309776
1318992
131281
131154
133200
397392
16912464
278608
1605712
1314896
16785489
16908368
33554881
262352
786640
803008
1067200
1312960
16779456
532801
346
131410
262482
2370
1311042
16777544
786784
464
540992
1048912
264520
526672
264512
16779584
16812352
788800
6480
4432
299328
16814400
270656
271680
16785728
33579328
57664
49472
16810304
17072448
393544
133472
395584
16910656
401728
155968
409920
393536
393664
655808
917824
282944
266560
786752
524740
1835328
2097496
2105680
2228560
2359632
33575232
2133
264265
16779337
3393
38977
268353
10313
272449
16910401
526401
1181761
33556561
50333761
6225
2130
16779346
2136
3152
264272
526416
264528
272464
534608
17041488
264514
2400
526688
3408
268608
534848
265536
34081088
22593
542785
18754
16795714
18520
18496
284736
22592
51264
313408
16926784
280640
804928
1591360
2115664
4474944
20990016
33572944
1050712
1181776
1312848
17827920
1050688
1312832
1054800
1316928
1075264
1574992
1837120
16812224
141377
401473
270529
4202561
4464705
4481088
278625
16924737
802881
17317953
2113617
16706
16450
278594
540760
278600
280656
802896
540880
17317968
278592
147792
24896
279360
279632
280648
22608
16795712
51280
20546
151632
53313
24772
24688
286784
24897
24928
287808
24641
24672
17064000
33579072
16793680
279616
16794688
18504
16797760
16801856
311360
16826432
409664
16924736
17055808
50241
50496
147544
147536
413760
16928832
442432
17186880
540868
17318080
540737
1065040
1328192
1196097
1196104
1851456
18366528
2113624
2375760
4218945
4472904
4472928
4473920
8667216
16798016
131169
655457
164161
168001
139337
663617
164033
16941121
426049
655425
917569
2228305
2490433
19005505
17170497
147538
132176
401488
426064
2228304
4587600
17170512
131412
131440
131424
655712
132432
133440
135504
16912704
139592
672064
164176
426304
688448
16941376
393552
17170752
33685840
16924744
410688
151617
151616
180304
33964096
933952
1196128
1228864
1720384
2244688
19021888
4343872
4350016
4603968
395328
133184
1179736
1441872
1179760
1179744
1183824
1216576
1187912
1712192
16908372
16908376
16909392
16941136
17465408
1065029
1073217
1318977
1179721
3145793
1311812
17826884
1310800
1835088
1048920
1065288
1311048
1050952
1050960
1575232
1085760
1196352
1311056
1050691
1050689
1050820
1312864
17827904
1083584
1345600
17860672
1069122
1052737
1052992
17829952
1347648
1056848
17834048
1320000
17835072
17858624
1122624
1179728
1442880
1443904
17958976
1450048
17956928
1441984
1441856
18088128
1313088
18088000
1835072
18612288
1572929
18350144
17825880
18088016
4202832
17041473
17047617
16777306
17039442
16779352
17076288
16785472
50348097
17072208
17088576
16810048
17072192
16932928
18219072
17563728
18874456
19005520
19136592
262305
393345
786561
263301
16778373
2185
905
786569
266385
131217
33554849
524449
786593
4225
262273
1413
1409
263553
1049985
264577
16779649
270721
16908673
524673
262801
263041
897
5249
263297
1169
263313
5505
1311873
2177
2441
2201
133265
264337
2209
264321
268417
26753
280705
788609
2099329
2099345
4196481
4227
4249
16781441
33558657
41089
270473
16785545
16786561
270465
794753
20609
295041
8421505
16812161
33153
16810113
1343617
135297
393353
16908425
131225
135313
393361
135553
394369
395393
397441
401537
409729
426113
16941185
16908417
917633
17563777
524417
17301633
1310857
1310881
1048769
1065153
1050761
1054849
1312897
1575041
1319041
1581185
1310865
1573009
2105473
2105489
2228369
2359441
2113669
4194457
4457601
4460673
4456593
16777369
16908433
16777361
16779409
33562753
33554585
33556625
33685649
33816721
4241
16810129
17301649
2097297
18874513
8338
262290
263316
131224
216
16777432
262296
16777368
264336
33554576
524464
786608
17301680
1048977
264592
393616
786832
659
131729
2200
18832
8391056
2193
18576
16779408
268432
280720
542864
297104
2099344
266384
12688
299152
16814224
8340
270488
8400
8337
16785552
16916624
794768
163985
393362
16908434
393368
393360
395408
397456
401552
155792
409744
426128
16908432
34209936
295056
786576
1048724
1048784
4194456
4325520
4194512
8388761
8388760
8519824
8650896
25168016
408
131480
266640
262560
262592
524736
131969
1432
132496
263568
17792
133505
18816
264576
16779648
788864
1055104
1313152
20866
1057153
270728
270784
16786816
16785792
795008
278912
33176
164240
295312
16812416
49536
16810368
131472
17039744
786816
524688
2097560
2228624
2359696
33563024
16537
16793793
147593
16924801
802945
16793730
279684
1327236
16521
17033
24769
24784
278720
16576
16536
16792
279936
25024
278928
803200
279681
17560
279696
16794768
1066112
1070208
16795792
281728
18560
16795776
22672
284800
26752
280704
804992
282753
20632
151696
282768
16797840
20880
20624
282752
24705
286856
24728
286864
16801936
286912
287872
16802944
155776
278664
16793744
278688
16513
17537
279680
16794752
286848
311424
147592
409728
278656
802944
17318016
50305
311440
16826496
149633
147608
409984
410752
417920
16932992
934016
17186944
278672
17055888
549008
17320064
540816
1065120
1327264
1065152
1073288
1196416
1458304
1327248
1851520
2113681
2113688
2115728
2121872
2244752
2375824
20988033
4210834
20988040
4472976
4210848
4472992
4473984
4475008
4341904
4472960
4735104
8405144
8667280
17055873
16793752
1048707
17825922
1311876
1056905
1048712
1310880
17825952
1179856
17825984
1310848
1311105
1311120
1312912
1313920
17828992
1067136
1312896
17827968
1060993
1314945
1314976
1053060
1053064
1200256
1085568
1347712
17862784
1314944
1056900
1320064
17835136
1843328
1441928
1443968
17959040
17956992
1966208
18481280
18088064
1311872
18089088
1327232
1573249
34603137
51380352
21235840
16779416
16924808
16785553
17047696
16777424
16785856
17040528
17041537
16779472
17041552
16779652
16789648
17051776
16785560
16793992
16810136
16941200
17072272
16810112
17088640
25297025
17064064
17301648
262548
16779524
8516
524548
393
524553
1573128
532760
20744
133400
17041672
49473
344
18752
4456704
271617
787713
288000
2325
2321
1054992
1313040
2313
1054976
133392
526720
4433
16781633
1052929
1052946
4376
266504
12560
28928
268544
4198672
528640
8392960
37144
39184
299264
16816384
577792
184576
266624
17043840
565505
143617
8413442
16785682
1188100
1319172
8397080
4219144
139528
1057048
565520
143632
663824
8397088
139553
10576
549184
24832
140560
11536
16787713
139536
8464
532736
155906
1614080
418048
1188096
270608
794896
319744
534784
794880
663809
680192
1059073
1188112
1843456
2236673
2236688
4727040
16652
16648
24840
409857
803073
57600
655633
393480
139584
148736
16933120
262544
788752
262416
1310992
17301892
655760
2359568
19022080
8651009
25174273
8536321
8915216
33947905
34078977
295425
541187
2565
524821
263685
16778757
537
262681
262689
545
262721
131665
16777793
131905
131649
264961
132625
263697
16778769
1809
35329
18961
51713
4627
20995
266755
1053187
266769
16781825
29185
1061377
270865
16786945
270849
16785921
17310209
41473
33305
164369
295441
394753
395777
426497
655873
1182209
17039889
524929
787201
803329
1312257
1057297
1581569
1344001
2359809
2099729
4194841
4465153
8389393
50332161
786961
2578
262936
264720
16779792
295440
131601
393744
33554960
262704
665
1311376
2579
18960
4626
16781840
16785936
287248
131864
394768
16909840
16908816
262672
17039888
786960
1311248
524816
549392
17302032
1057296
4194840
4196880
4195088
2689
2704
265088
279297
771
262914
794
131858
262930
262944
16778016
16778048
541504
264960
789248
16782080
16814848
25408
271168
272128
8976
8960
271104
393992
131856
267008
787200
17302272
2097944
2229008
2360080
18875152
8705
16922
279058
17924
280068
16795140
279044
18968
17056272
287360
287488
549632
803584
17944
149008
280080
16795152
19968
281104
19216
18944
281088
16796160
805376
17320448
29184
283136
287296
17326592
280064
152065
934400
1200640
17318400
1597952
1067521
1327680
1328640
1067536
1458688
1851904
4342273
4211224
4475392
20990464
16794136
1311250
1327620
1311241
1049176
17826376
1327624
1051201
1053248
1049364
17826564
1311232
1050136
1312272
1312256
1083920
1051393
1184257
1069570
17830402
1348096
17863168
1073668
1320448
17835520
1344016
1106432
1704449
1182224
1442320
1442560
1196544
1835536
1835520
18350592
3408400
3146512
5121
1289
279617
1311809
3201
1281
263441
263425
265473
267521
3585
7169
265217
265233
3361
35841
1051649
267265
267281
5137
11265
271361
533505
16786441
9361
271377
9281
9985
795649
34612225
287745
34049
295937
33921
296065
50177
4244481
33793
1213441
1344513
1606657
656385
33686545
136193
402433
148481
410625
918529
17171457
50463745
527361
787457
1049793
1180929
1180673
17957889
2100225
2360321
4457473
5243905
4195353
16778241
16780305
17056769
33817857
33571841
1297
1043
263188
1112
16778328
263216
263184
265232
25616
271376
295952
787472
2098192
132400
1049745
394512
35856
7440
16780304
298000
16813072
789520
17304592
21522
267282
300048
562192
16815120
9265
9364
25624
287760
533520
795664
296208
134160
394288
16909328
136209
140304
402448
410640
2229264
787473
525460
543760
2100240
2100496
8651792
1417
263329
9345
787585
16778369
33555841
1177
132240
525456
787600
394624
18049
1311880
1051777
16780417
1285
1312001
1282
3331
263428
16778500
17672
16778504
3352
17688
1368
2098448
2360592
525760
16778497
263440
17664
16780560
3392
7424
265472
273664
281856
298240
789760
17304832
21762
529680
9481
271632
16786752
9472
271616
16786688
148752
279808
34177
296193
296192
17073408
16909570
394496
402688
132352
17040640
787712
525592
656656
787728
525712
787840
525584
17302784
1576192
2360577
4457728
11329
297985
527376
27712
19488
1051728
35130368
9221
304129
142337
1188865
2106385
4203537
9241
9240
11280
535568
9476
9520
271744
795904
2106640
25604
27648
58368
320512
812032
1074184
1598464
4219912
4219920
4219904
4482048
1059856
1190912
1188864
1451008
1844224
19457
312321
25603
281616
279584
541729
19521
25744
4211968
280320
21505
148496
1070080
281600
1070082
287744
279552
16794624
50192
312448
50704
148737
156673
672769
410880
152577
410624
1205248
1459200
279568
541828
803840
4736000
1197057
134145
656417
394497
656641
140353
33694721
1704961
132144
164880
140368
4326416
134400
150784
156688
156672
1180930
1217536
1049874
34604040
1312032
1180928
1311744
1059841
1313793
1051936
1316096
18093056
1443072
1180688
1442816
1328128
1836288
1574145
1836033
1574020
1836032
18088961
34866176
4195585
4197393
4203776
4328704
17040385
16786497
17564673
17564680
17042448
16788736
25169152
16796688
16786456
17048584
17073168
16909584
17564688
17302672
17843208
133153
133377
2059
10259
133123
16779269
16779285
264453
16780293
1050633
2115601
133249
2437
2497
3329
16910593
526721
17303809
134161
265345
264193
6169
137233
6401
16783361
301057
10373
272393
273409
16788481
796673
43265
297217
35345
296977
133253
16910345
396289
16911361
403457
665601
1185793
526465
526469
534545
17303681
527377
1837057
1050757
1050649
1312801
1050817
1058825
2099201
2361345
2099225
2230289
18876417
4327441
4204801
4459521
4466689
20981761
21235713
8521745
25167873
17860609
33687553
33556505
33818641
33835009
33556737
33572865
16779313
16787473
559121
141329
788497
18876433
33556497
10258
2196
1054744
296976
395280
16910352
264208
788496
33556496
26704
1050769
395536
14353
6168
6160
268304
30736
1185808
272408
272400
550928
26640
35857
165904
35096
165905
428048
280592
526484
526480
17303568
1607696
1050772
1067028
1050832
2099216
2107664
4458768
8652816
8653072
33818640
33572880
50333712
657665
526612
526724
526596
265476
2384
2099472
16779568
133456
526784
134416
265488
11520
264448
280832
788736
17303808
14593
8395009
6403
6402
22786
268546
6424
14608
268560
16783632
530688
276736
284928
39169
301312
10501
10628
272648
16787720
10512
141584
16787728
26944
272704
16787776
10496
272640
16787712
289024
796928
17312000
1063168
9447680
297232
35080
43264
313600
16812288
396544
674048
297216
526616
530704
657680
526736
543104
2099464
2246912
4196609
4458753
6145
26625
284673
16799745
288769
18580
280708
16795780
18708
281604
16796676
1071108
26648
804896
17319968
18753
18756
18768
26688
51472
411904
1072128
18432
280576
16795648
22552
284688
288832
16795664
18704
16796672
284672
288768
16803840
313344
16828416
804864
51224
182288
149505
157697
411656
16926728
149520
149764
16926720
17057792
804880
542980
542736
542720
1853440
1067032
1067280
1329408
1071105
1075208
1337344
1099792
1361920
1198096
1460224
17975296
18106368
2639873
2115608
2115600
2246672
2377744
18892816
2115856
4220929
4220944
4343824
4474896
20989952
4220936
4483072
4507648
21121024
4737152
4999168
8407064
8669200
33581072
1181699
1050892
1313796
17828868
1329160
1312768
1054978
1062928
17831936
1349632
17864704
1189889
1320961
1058948
1320976
1583120
1058896
1059136
1321024
1321984
1845248
1091840
1345536
1181720
1181712
1443856
9570320
1182016
1181960
1444864
17958912
3278864
18090112
1313792
1837056
18614272
1574929
1574936
1706000
1837072
19924992
9439256
17041425
17045520
16816256
16787588
17049616
17172496
16910596
17041432
17041424
17049856
17041664
17303576
17565712
17303812
17303553
397313
4198405
4101
4125
4245
4485
20613
5125
267269
28677
528405
6153
4105
16781321
4361
16783369
282633
4385
4389
790561
12353
544833
266625
20625
1052801
4198529
21761
22785
790785
33558801
266753
528897
21009
283137
5153
13313
5393
8394753
7425
16784385
792577
17307649
2103297
4200449
1052675
4113
16781329
4369
4097
16781313
274433
16789513
12307
12433
12369
274497
16789569
275457
16790529
16791553
16789505
159745
290817
552961
798721
17313793
1062913
1323009
33583105
1085441
299025
1101825
16814081
69633
1118465
143361
16912385
16912393
397329
398337
399361
16914433
135169
921601
19009537
17043585
17043457
17567745
1314817
1839105
528641
528517
528409
790545
528529
790657
536833
546817
659457
17305601
34082817
34099201
17829891
1053697
1054721
17829889
1585153
1184001
18092033
19927041
51384321
2109457
2101521
2109697
2363649
4198425
4461569
20976641
4468737
4493313
4591617
8392729
8392961
8655105
16781337
16928769
17059841
33558533
33559553
33689601
33820673
33558553
33560593
33689617
33820689
34082833
35131393
659474
1052690
1052739
16783377
16789521
4114
4117
267284
4244
4625
299024
397328
790544
21776
274704
536848
16789776
266512
528784
6292
268312
22544
792592
17307664
266256
4372
282640
12308
274456
274448
12368
274512
274576
552976
798736
1323024
1331216
4476944
135316
16912404
135192
137232
137488
659728
398352
399376
17043600
290832
806928
530449
528408
528464
530448
659472
544912
790672
17305744
528660
528688
546832
675856
2101272
2363408
4198424
4462608
17313808
33820688
33558544
33574928
151680
1069313
4215041
4484
528772
267524
16782596
282884
151812
16781576
4440
16781640
790792
9441552
2101520
266528
16781600
17305888
528832
20808
13569
5400
267536
283904
136449
2102529
6532
268552
23808
269568
16784640
16783616
153856
792832
17307904
34085120
20752
135440
4356
266496
17043712
12564
16789764
12552
274696
12624
12608
274752
16789824
12544
274688
13584
275712
16789760
160000
291072
798976
17314048
1323264
25178368
8524048
135432
143616
144640
398592
16913664
399616
16914688
413952
137472
397568
659840
2494720
33689857
266628
282888
17044736
282880
807168
790784
17568000
17305872
528656
17436928
18878736
18878720
8392984
8401168
8655120
8392976
8655104
8917264
9474304
17043713
33566992
33820944
50336000
16782337
12304
282881
16798721
413697
16797714
22546
282756
16797828
283652
16798724
20568
28936
20492
20488
28944
413712
282656
282689
282688
1069136
1071168
151681
413824
1069185
22800
151809
151824
17322240
152592
283664
16798736
16798720
283648
1332224
153601
284680
16799752
153616
16799760
22528
16799744
22784
546816
808960
1071120
2119936
17061888
20481
20496
16797696
282624
53264
1331200
28681
30721
28680
16805904
28736
290880
28932
291840
290816
61456
553088
17330176
16797712
16805888
315392
413696
16928768
544896
806912
53272
184336
315408
16830480
16830464
17092608
1363968
151568
151552
421888
159744
184448
937984
1201152
17059856
17059840
17322000
807040
17322112
545056
552960
675840
544768
17321984
1855488
1069188
1331232
1071112
1333248
1595392
17848320
1077256
1601536
1208320
18108416
1593472
2117656
2248720
2379792
2117904
4476929
4214808
4345872
4215056
4345857
8671233
8409360
33574936
33837072
33837056
692240
561168
1052932
1052940
1070084
1315844
17830916
1200132
1183753
1052968
1052936
1184008
1314848
17829920
1577248
1314880
1069248
1055040
1331264
17832064
1315080
1317120
1446144
17961216
1839360
1054464
1053952
1578240
1054852
1579012
1316880
17831952
1316864
1316992
1314816
17829888
1347584
18092032
1060996
1323016
1060872
1060929
1060944
1061184
1077312
1323072
17838144
1061121
1323520
1847296
1585152
1339392
1445904
9572368
1183936
1184064
1446912
17961984
1447936
17963008
1184000
1445888
17960960
1708160
1708288
1184768
3280897
1314840
1839120
18092160
1315076
1315840
1839232
1839104
18616320
1577092
1576984
1708048
1577089
1577220
1577216
1576960
3149825
9441304
9703440
34608129
51384320
3151873
3151888
3152128
16789633
17051649
16797960
16797697
17068032
16912512
17043720
17043728
17305984
17567872
17305728
25448448
270345
2105361
270369
16785473
10369
270601
24849
270593
286977
139521
1188097
8963
9249
33566721
1056777
16785409
532737
548865
17309697
1056769
303105
40985
57473
57345
40961
16818177
16917505
139265
286849
1056901
1581057
2107393
2236417
6299665
18882561
4204545
33693697
33824785
33693953
33825025
50339841
1057289
9234
271380
16785432
10264
10256
12306
303120
33562640
8496
2105616
16787472
569360
286736
33579025
172048
925712
34218000
19013648
17571856
581648
17309712
1319952
1060880
2367760
3416080
18882576
4464658
4204560
4333584
4202768
20981776
21241872
4988944
8398865
9183248
9449488
9707536
8257
8272
143425
4202576
16785666
8476
16785684
532868
271620
16786692
10505
155912
1319176
8468
17309984
532928
1057089
10624
9475
9601
1058049
12546
274690
16789762
307456
8961
16785664
532864
33579265
303361
16818432
73987
403712
16918784
270592
1319168
534785
532744
549120
17441024
17309952
2367745
8528144
8659216
33566977
142080
30976
292864
16803842
26633
286744
1335304
28689
28688
4219008
16804096
17064192
24577
16801796
24584
548880
286976
24576
16801792
16802816
24592
286720
319488
2121744
59393
155905
418816
680064
417808
17063952
287104
550913
548996
548888
679952
811024
1335360
1073665
1075216
1335296
17850368
1368064
1859584
2121745
2383873
2123792
2121984
3174400
20996097
5005312
21520384
8415233
17850369
17440769
1057028
1187864
1056856
34611336
3170320
1318944
1075712
1057816
1075200
1320960
17836032
1323010
17838080
1355776
1319936
17835008
17833984
1318912
1122320
17965064
1452032
1449984
1450000
1974272
35266560
18620416
18358272
16787457
16822400
17047553
18096144
51388432
17433
25617
148497
1070081
147473
278545
278785
671761
2375697
18706
278787
540930
541202
16924804
148500
540692
147477
540685
542725
540932
17319940
1067268
1069080
1196040
17057800
17055777
16688
18529
548912
20673
2113872
149584
20804
278913
24720
279812
149776
542992
811264
50433
279824
25920
19472
1197120
542737
2115841
2115585
51217
1331202
20617
20489
20561
20737
22657
2379776
26632
16803856
16932880
24640
1077504
1336320
16803841
1077248
549124
278529
17025
53376
811008
17088512
147728
278544
16793729
33832976
33571088
311425
319504
49168
180241
16957456
49249
57616
1102080
311296
835585
835840
704528
573700
34128128
147589
16924677
411649
679937
672002
147736
147777
147714
147776
157696
182272
155664
188672
409856
671760
671872
2246657
33964032
409601
17055760
409872
1590273
17448961
671888
1593600
802816
1065108
1335312
1589440
1065729
1330176
1331201
1073172
17850376
1359873
1097752
1097872
1360000
17973264
1196304
1327361
1851392
18366466
1589256
1589272
1597456
1720336
1589312
1589520
1720320
1589249
34621456
34881536
2377729
19021825
2637841
2383888
2506768
2768912
2380032
2900224
2113800
2115840
2115584
3164176
4341777
4342017
4210836
4603920
4473104
4219200
4737040
4349968
4219136
4342032
12599298
8667153
8798224
25182224
8667400
8667408
8671488
8413456
8440064
8417281
8417296
9060368
17186832
33572112
33579024
49281
33029
16809989
16810005
295941
16811013
557061
819205
36873
294921
49161
295177
34841
1097737
57361
41025
34897
41041
49225
557441
33041
164113
426241
16811009
1082369
1084417
165889
36097
1083393
35073
17074177
1345537
16814083
8429569
40981
41093
40969
303113
16818185
43025
303169
41221
45313
172289
58369
17080321
581633
827393
17342465
51201
32777
4227073
16810001
33025
164097
163973
1212433
2261009
180289
164865
165121
427009
16942081
16943105
167937
184321
430081
182273
163841
16941057
950273
17465345
2277377
311313
299137
315393
1343489
819217
17596417
565265
819329
557313
573697
558081
1605633
17334273
1867777
1343505
9470209
2138113
2392065
2129945
2138129
2392081
2130185
2130193
2138369
2392321
2154497
18907137
4489217
4227097
4358161
4490241
21005313
4491265
4497409
8683537
16810009
16957441
17072137
295953
16811025
17072145
17334289
18907153
33587217
294931
295060
33045
33812
295956
16811028
819220
295192
57368
32788
16811024
16812048
565264
16826384
32784
16810000
426000
16941072
2129936
2146320
16810064
295120
36945
311376
41232
303376
295184
17072400
33587472
42001
1082385
34072
42256
1083409
297008
59408
821264
1345552
40980
303128
1089560
40984
57424
304144
16818192
17080336
827408
16834576
57360
311312
163988
426032
166160
427024
16942096
430096
16945168
434192
950288
2261008
2277392
2523152
19038224
819216
17596432
688144
557328
688400
17334288
4227096
4227088
4751632
17072144
557088
32977
41153
168065
163984
37008
41104
57488
35201
295296
33587584
8439936
49298
57472
319616
16834688
49280
573569
573568
835712
17350784
557184
1343618
1867904
1605760
4751489
16812176
16814209
25206912
17072257
57601
35075
35077
16810244
16810260
33156
296196
16811268
57604
1083652
33044
41240
557329
819472
17334544
33603856
557504
41280
1082625
36112
165136
16811280
1084672
35089
35105
166145
1083649
4229377
35204
35088
16812304
59648
575744
4245760
1087744
1345792
8429825
41236
41348
41225
303368
172304
16818448
303424
58624
304384
16819456
581888
827648
1089792
16834816
1360128
16826640
17088768
33048
164112
33032
295168
557312
16810240
1083648
1147136
427264
428288
434432
180544
164096
426240
311556
311552
17072384
819457
557444
819584
17334656
573696
1868032
1605888
1085697
1347840
2408704
2670848
8423696
8683792
8421648
18383104
33587480
33718544
33849616
33587457
35845
34881
35081
35137
559361
43013
43137
44033
305153
567297
297089
821249
559105
1083401
1214465
2394113
33589249
296978
35860
43280
43024
4491280
297280
43328
44288
297344
575489
51220
52228
313352
55298
59456
60416
52224
575488
837632
34129920
1100800
1624064
4769792
16828432
17090560
1084420
1345544
1083424
1084432
1087490
1087504
1087488
1091648
1092608
1345664
18384896
16943120
1351696
50193
49284
312324
16827396
51209
16826376
8437784
49240
16826440
49417
311304
17088528
16826448
49232
1097808
1100032
57608
180496
311568
52225
50200
181264
312336
16827408
50448
574720
51456
51728
314368
51200
53266
53249
16834564
319496
16834568
57409
57408
319552
16834624
188416
581632
843776
17358848
34660352
16826369
311328
16826400
49665
312320
16826368
180480
704512
835584
17350656
18923520
49409
1097728
180356
180240
442384
16957504
443392
16958464
450560
16965632
704640
966656
17481728
1490944
573457
573572
573440
17612800
1097860
1097760
1359904
17874976
1098768
1360896
1099776
1105928
1097744
1622016
18137088
1884160
18399232
2408448
4251649
4374544
4243728
4251904
4505856
4251656
4513792
21028864
21282816
17088513
17874944
50380800
1212545
172033
172097
173057
1474561
4366337
17203201
164881
163864
167952
164144
696336
188432
9601040
25329680
17203216
165124
16941316
164120
16941320
166144
168193
168208
168192
430336
16945408
172352
173312
696576
1474816
19038464
180242
442370
16957442
442400
184320
446464
188480
189440
180256
181248
442368
17219584
1228808
1230848
4375552
4376576
4636672
25346048
1220624
1236992
1744896
17997824
1736705
16949249
4489345
311553
17072260
1097734
1343506
1081606
1343746
18120706
1089541
1212436
1343508
1082373
1344516
1081432
17858632
18120712
1343496
1474576
1081377
1343520
17858592
1083712
1081985
1082392
1213456
1344528
17859600
1344512
1099777
1214480
1346560
17860608
1103872
1607680
1347585
1085712
17862656
1351681
1089556
1089668
1089601
1089856
1105984
1351744
17866816
1093888
1090304
1090561
1352704
17867776
17866752
1630208
1875968
18391040
1081361
1081345
17858560
1343488
1228801
1212417
1212425
17989640
1212432
1212481
1212496
1220864
1476608
1474560
17989632
18251776
18513920
1343504
18120832
18120704
1605896
1867776
1605632
18382848
35160065
1098752
18120705
34637840
4235288
16812097
16814144
17080576
16836608
16818200
16826632
25198616
25460752
25198864
25460992
33587201
327945
66049
598017
99585
67843
329985
114945
376960
217089
1376259
1115141
1376265
1114145
1376321
1116417
1245441
1376513
1115153
17892353
1120257
17893377
1123329
1646593
1245201
1246209
1247233
1769473
1376385
1638417
1900545
5309441
5570561
17891337
18153473
1638658
1122321
1115156
1115152
1118224
1245200
1116176
1253392
18022416
1392656
1900560
1638416
1114128
17899536
18153488
17891344
1376514
1114500
1115396
1376520
1376528
1638672
1114400
1116416
1640704
1380608
1122561
1122576
1123584
1138944
1384704
1646848
1163520
1409280
1245456
1246464
1247488
1769728
1900800
1130505
1392648
1130784
1392896
1655040
1132544
1139712
1425408
1262592
1263616
1654785
1654800
1654912
1131520
18169856
1253377
1507456
18415632
393225
655363
16908361
131369
8519945
16908321
17432609
131137
1180033
131457
132369
139537
16916737
131713
393729
393745
132481
1442817
166017
139397
16916489
16916481
925697
917505
933889
17432577
1966081
1181953
1449985
2236433
19005457
21102601
4333825
4588545
21104641
4595713
8519705
8781841
17170433
16916497
16932865
33685761
33685521
33947665
34209809
149521
16912401
131094
133138
131092
394260
671764
16910360
8536088
9568280
33685520
8519760
131409
131408
131219
135312
132368
401680
917776
2228496
131920
156176
132120
657424
133396
167953
143376
8523792
1200144
16916496
139280
163920
4587537
17694736
1441808
655632
17432592
6438928
3276816
12714001
4325400
4849680
4333840
4849808
8781840
33947664
131211
1183888
135568
139664
156032
151682
1183874
16912528
17432705
16908546
16908564
131476
139524
394500
16908616
131340
393504
17432864
131400
151872
149824
4326657
16910608
395520
16910592
401672
16916744
16916800
148225
934144
17449216
459008
393488
393600
17171712
917760
1442048
50987264
2230529
2490625
2490640
2752784
16924681
16925697
16924673
147458
671746
17973312
155777
1204352
16926976
148993
410368
16925712
411648
1232896
16961536
155904
942080
409632
16925696
417792
16957440
933888
17448960
1261584
409600
673793
671876
935936
679936
671744
1204240
1196224
17974272
1462272
1204232
18006016
1982464
1720448
2252816
2244624
4349953
4341776
4866064
4612096
4866176
5128192
16926721
17448976
17711104
33964048
34226192
34226432
1179781
1179907
1196290
1181954
1179796
17956996
1442820
1179928
1442056
1179673
1179696
17956930
1188160
1450240
1442944
1183747
1200130
1191952
1200128
1478656
17993728
1187860
17965056
1466368
18489344
1220608
1212673
1441792
18219136
18220032
1966080
18743296
1712384
18481152
3277064
17432579
16909056
16909336
17171472
17178632
16949504
17432720
17957184
262209
33816835
17041417
33816585
278593
262291
263429
786689
786817
1327617
17565697
1312785
17043473
266529
1314849
299009
17047561
811009
17563649
1310853
18087941
18219009
1835025
3407889
19136529
19152897
19136513
8650769
17039385
17047569
17063937
262157
262213
270349
393253
1310733
4456453
270364
262564
1312900
270604
268548
278550
17055756
278596
1327172
1851396
4472836
409606
1445892
1310727
1310988
1310732
1835044
1310788
1345540
1835012
34865156
17039380
17039448
17039384
270672
286800
17563920
33816849
33816848
8658960
19144720
294937
17039376
786448
1867792
2360337
4464657
4456472
4458512
4464912
8650768
9191440
9175056
33816592
262281
17040513
4458625
4464769
262321
270480
270544
4464784
4456592
262529
786848
17041792
270736
270720
17047936
917888
262528
1442176
2359681
2359680
267408
278976
279424
279168
411776
1327240
4481152
21250176
18104448
4587664
4604032
1321088
1319040
1441921
1835152
1835136
17170576
17041536
17041666
262420
17040644
17039640
262480
1442064
786880
279296
17042688
17565952
2361601
270600
17048832
393472
17039616
786688
786704
1835264
8782096
9175424
25952512
33816856
33818896
33947920
263233
265225
2360336
33817616
265264
269328
4457488
17040656
300288
267520
918784
19137792
17056776
934912
1311745
1311808
17040400
17040416
17171456
919553
4458497
17045760
821504
281096
415744
4474880
1312784
1837312
1443840
17041408
17074192
267280
4460560
790912
17060864
5001216
271365
17048577
401441
17178625
4464641
270594
794912
303360
925952
286728
4481024
21258240
1319940
1318976
278789
17055752
17580064
17058048
279041
1327616
280848
1329152
17065984
17063936
17056768
802832
17580032
17186816
1458176
1327124
1327296
1359872
1327120
4603905
4472852
4472864
4476928
4505600
4472848
4997248
8667152
17055745
17057808
51658752
33841408
17072133
296969
33849345
296984
1343568
4489232
21266448
295172
17072388
295200
950528
17203456
819456
34373888
2392320
426008
4620304
1474624
1343552
1347600
18124800
1482752
1998848
1376336
34930944
17172480
787461
17563713
789505
823297
2883601
4980737
34340880
21757968
17563664
787716
794944
2883856
19661056
802833
803844
802880
17580096
803072
803856
813056
839680
811016
811072
17588224
802824
2899984
5029888
4997120
5111809
5111824
921856
1970176
1836036
1841152
1871872
1843264
1843200
1966096
17563672
17582080
17567760
17567744
1310980
18088964
1310728
18087944
1843216
1835024
18612240
1310912
1327168
1441920
1310984
1319232
1312000
1313028
18091008
18089984
1315072
18096128
1351680
1335297
1443841
18219040
18221056
1310736
1311104
1310720
4456451
4456529
4456513
4464897
21237761
4465665
5013505
4587553
4980865
4980753
4456464
4587792
4982800
5013520
4587568
21233680
4456720
4981024
4456768
4458752
4460800
4464960
4465920
4489488
4589824
4456832
4981120
4980992
6553872
38011136
4472834
5529600
5513280
17039378
21250050
17063940
17074304
19138561
17174529
17047684
17047556
17047560
17571968
17072152
17072256
17170561
17178640
17563792
19267600
524289
524295
655379
524555
532485
17302533
524425
524577
528449
541953
533521
656401
525697
525441
533761
17302529
591873
17303557
527617
17304577
530433
1575937
532545
548929
17309761
17310721
671753
17432585
50987009
524561
17301505
1597441
1605649
18350081
2621569
4718617
4849681
4718865
21504001
8912921
9175057
9175297
8931329
8937473
9060353
10223617
34078721
34078737
17432593
17301652
1576980
17301528
532496
524432
1572945
917648
525328
8914960
526609
561424
577552
532628
1581080
1581072
557072
557336
17350672
656400
921616
655376
1573072
4718616
4720656
4718864
525445
528769
532609
532673
533633
8921217
659585
4718721
21495937
524434
524440
532688
532880
526512
528528
4735120
659600
819344
4980880
21495952
525700
524720
527744
533888
655752
657792
540832
549056
4849793
688512
1835144
1835200
1573505
1577090
1609856
1582208
1706112
18350209
524547
17302788
655696
545026
528648
553216
823552
532816
17334528
17596672
655640
919808
655744
524672
655616
17301760
17572096
34341136
50856192
17317897
17318916
540697
1851424
540753
1589328
17318152
805120
803088
17318144
17318913
541720
549904
672784
542744
17319936
544770
806914
545025
34099200
549128
548872
17326096
549889
540800
34127873
574480
573584
573824
671873
672004
672000
17580160
17317888
1852416
1851408
18628608
35143696
51920896
4735233
4735000
4735248
4743168
4997136
21774336
38289424
55066624
8929540
8937728
17317912
17326080
34095128
34357264
34095376
656389
655681
1704001
692225
664577
729089
4851713
656404
918544
17432624
655625
656644
657672
657664
17465600
672772
673792
708608
679940
680960
34226176
1704964
1703960
1703952
1966144
1705984
18483200
1740800
1713152
1704064
17433616
17436673
17727488
17694720
787480
1703937
1572993
1703939
1572912
18350112
1575184
1581313
1573888
1607936
1607681
1869824
1577224
18354176
1724416
18386944
1712144
1606672
1606912
1720322
18481184
1967104
1712128
1728512
18612352
18613248
1572880
1573120
18350080
1835008
10223632
18481168
4727041
4982785
4726849
4727809
21757953
4719633
4726800
4751376
4850704
4882448
4718868
4849936
4981056
4720896
4727056
4728064
4989184
21504256
4850944
4851968
4882688
13107456
4997124
4744192
21626896
17310016
17434640
17600512
17309720
17334296
17334532
17596416
17432600
34471937
18350338
17842248
1050945
1048664
1058945
1179776
1311761
1054737
1058833
1091585
1705985
3409921
17828112
34605328
1052933
1053953
1052696
1085464
1183873
1319169
1613825
1191937
17965057
1057034
9461762
1318932
1057029
1058836
17850372
1318916
1581060
1057032
1056840
1581200
1056824
1581344
9445664
1581136
1073224
1597504
1060928
1089920
17834272
1073408
1335552
1581328
18358528
1582096
17835024
1058056
1582080
5253121
17836033
1058840
1059080
1583360
1585168
5255184
9449728
1073176
5267456
17866753
1089616
1089552
17868800
1613824
1188104
5513217
18096129
5513232
9969665
1581312
5251096
5775376
5775616
34644224
5292034
17858578
1606160
1220609
18120720
1605904
1458177
1179905
1703953
1196056
1187857
1704208
1179650
3538945
18219008
3147793
3147777
18874373
3145733
3145989
3162117
2359305
2097241
2099265
3145809
3407937
19005697
2228737
2100481
2623505
2099465
2396161
18911233
2105353
2105409
2367553
2891777
2490369
2228233
2244617
19005449
2228481
10617089
19660801
2621701
2621969
2899969
3932161
3145861
3672065
3678209
3670033
6815761
10747921
2392080
2359377
2113616
2097488
2101392
18876688
18882832
2361368
2623512
2367512
3153944
2105424
2125840
2629904
2891792
3153936
2490386
2228248
3014672
3801104
2621588
3145744
2359312
10485784
10616848
10747920
10488080
35782928
2097434
2359570
10486034
18874642
2228485
2097436
3408132
11534608
23068944
2097449
2359584
2359617
2097473
2099520
2244928
2099456
2361600
2109712
2105605
2105624
6299920
2122112
2105604
18882816
2384128
2892032
18884864
2115848
2377984
2261264
2244880
2228545
2228488
2492672
3801344
3539200
2359553
2883840
2507008
2883841
2621713
2623745
11010320
2769152
2621697
2097417
2097416
2375936
10494224
35782912
35799296
2885633
2377792
2115587
2113543
2115589
18890760
2114569
3162120
3170312
3162192
2113812
2113796
2639888
2116624
2378752
2640128
2902016
2642176
3162244
3164160
6307864
6309904
10504208
10764304
35668104
2248704
3555328
7487488
6701056
3407936
19923008
3408064
19923136
3164224
3418112
20447232
18874704
18882880
4195349
4211717
20972549
20971529
4194393
4456713
4325425
4456481
4980769
4325457
4194369
22020161
20971649
20971665
4210817
4194585
4456737
4718881
4587777
4980993
6291729
4326417
4457505
4212745
4196625
4196353
21497857
38275073
4460561
5509121
20979729
20980737
4204561
4202497
4726785
4988929
37756945
4522017
21102595
37879825
4620289
21626881
4456465
4456833
21233793
4460545
21266433
4751361
4718725
5242913
5243073
5506049
5245953
5507073
5636097
6422545
6553617
23068689
4456449
12591121
12845073
37880065
37765121
4198419
21102609
20971538
4325394
4718740
4194392
20971608
20971544
4195344
20979728
21004304
4718640
4980784
4456728
4194768
4325656
37749008
4196500
4458520
4197392
4459536
4721680
20973584
4458640
4460562
4202644
4464664
21497872
12582936
12845072
4196497
4214913
4202689
4325521
4325537
5275777
5374081
4718737
4195472
4196496
4202640
4227216
4718768
4197520
4200592
4229264
21233808
4194692
4456840
4456848
4194720
4719008
4456896
4196752
4197760
4460928
4202896
4465024
20980096
4473216
4489600
4751744
4327808
4325760
4587904
4457856
4718992
21496192
37749120
4212880
4247680
4243584
4505728
4343936
5279872
5537920
20971657
4194565
4457732
20972804
20971784
4210952
4718984
4194616
4456752
20971824
4194608
21496096
4194625
20971840
4719040
4212996
4458760
4196673
4197121
20973824
4983040
4493568
21008640
4202772
4202884
4464904
20979976
20979984
20980032
20980992
4202753
4464896
4481280
37757200
4227352
4358416
4325648
4325632
4489472
21266688
4718980
4718872
4981008
21496064
6291736
6422800
38011152
37765376
4472841
20987913
4210776
20987976
5261344
5521920
4342800
4211713
4222977
4476930
20992002
4222992
21000192
20997120
20987936
4212744
21020672
38289408
54542336
4604928
21120000
4343816
4608000
21123072
21118976
5261320
5267464
6316048
4210704
12607504
4326405
4333633
4882433
4327425
4326420
4595728
4326660
4333888
5112064
4866048
5382208
21102608
21104640
22020104
5505032
5505056
5507072
5251137
6160384
5505040
5505152
22282240
13631745
20973592
21235728
21241864
21241856
21495832
8388630
8397073
8397076
8413200
8519956
8536080
9830416
8413185
8669184
25559041
10486016
25176065
25171984
25184256
25167872
25952256
16777221
17301637
17039393
17039441
17039681
20988929
17838081
16827393
16834561
16909313
16908305
17563665
18087945
17827849
20971537
21241857
20979713
16924690
16779277
16801804
17039505
16777364
17039508
16778256
17039504
17039440
17309713
17825940
18088976
17826832
19136528
25165848
25427984
16779544
17170696
17170688
17432960
17301776
17324032
17076240
17056772
17055880
17055809
17055936
16793924
16802112
17056064
16794884
16802305
16802817
16794648
16794704
17056784
17845248
17058816
16797952
16802052
17064960
17055776
17187840
18105344
17850432
17981440
18235392
18497536
18104336
18366592
20987928
21250064
20988176
21252096
21250049
54542337
17055744
19005704
17825797
17825924
17843204
17826820
18088001
17826840
17826816
18090000
17846272
17883136
18481153
51642368
33817605
33554697
50331913
33685777
34079745
33574915
33558785
33820929
33563137
34086929
33562625
33562641
50364417
33685513
33947681
34341121
38019073
42205201
50331673
50340097
33554454
34603026
34865170
33825040
33948688
51118096
34340881
42205200
33575040
34865280
34603136
34078994
33816864
33562945
33948928
33818881
33556868
33818880
33558786
33820930
33579268
33825028
50340100
33562898
33825088
50340160
33563920
50341120
33603840
50364672
34341120
33556752
34078976
34097168
50874368
33570833
34881538
33570820
33832977
33837312
34357504
33702912
33575170
33579017
33710096
33841168
33842176
50348048
33571080
33833984
50352128
33841152
50872320
33603585
33603584
33704192
33964288
33701888
34882560
37765136
37765392
34867200
34643969
34897921
34635777
34996256
34607360
50356288
50597904
50336004
